6
001111
010111
111101
110110
011001
011101
001010
101110
100010
011000
100101
101010
110111
111001
100011
111111
111001
101111
110110
010000
000111
110001
110010
000000
110011
010100
111001
011011
000010
000101
010001
000011
001110
100111
111011
110100
3
011
001
110
010
001
101
111
110
110
10
0010101000
1010101110
0100001101
1110011011
0011111011
1000001000
0010101100
1001101100
0111100101
0010001101
1110001001
0000101011
1000101011
1000110110
0111100000
0001000101
0110001110
0111000000
0110100001
0111110111
0110100100
0111000100
1110100101
1010000110
1100001001
1100010111
1000101000
1001000000
1001101011
0110001111
0011001101
0110010100
1100010110
1110010100
1011000111
1010011000
1100011111
1111000011
1111000000
1111101100
0111010100
0011011010
0100011110
1010011101
0010100000
0100010001
0100111111
1101000001
1000010000
1000100100
1000011111
1000110110
0011001011
0110000000
0000111101
1010000110
0101010000
1100110101
1000111001
0101011111
0110100110
1100101110
1100001011
0000010100
1000001100
1000000011
0010001011
0101101100
1111110000
1111101111
1101001000
1000001010
1001101010
0110001001
1000011110
0101000010
0000000111
1110101001
0101100001
1001100011
1100101000
1110110101
1101100100
1000110111
1100000010
0011000010
0100010101
0111100001
1100110100
0110001001
0011101000
1000111000
0101110000
1011110011
1001110111
1001110111
0011111000
0111000000
0001010001
0111100110
7
0100000
0100101
0110101
1000000
0001101
0110100
1101111
0010010
0001101
0110110
1111010
1000110
1010000
0100001
1010001
0101010
0111010
0110110
1011101
0011010
0000111
0011010
0101100
0000111
1110010
1001110
0100011
0010101
1110101
1111001
0000100
0001101
0111111
0010001
1101011
0011011
1000000
1111011
0100110
0110001
0010011
1001000
0110001
0100011
1100110
1111101
1101010
1000110
0000000
7
0000001
0010110
0000110
1011000
0000110
0010011
0011011
0111010
0011101
1111001
0010011
0000011
0111001
0000111
0111011
0111111
0100000
0100011
1101010
0110000
0111001
0111110
0011000
1000011
1001111
1001000
1101101
0101010
0011000
1101111
1001001
1000111
1110000
1100010
0100101
1011000
1000111
0001011
0001000
0101000
1001110
1010010
0000010
1100011
1010000
0011000
0001000
1110010
1111100
10
0100101100
1101001110
0001010010
0101000111
1101000000
1101000100
1111100111
0010100101
0110101111
1011110101
1010001001
1111000101
0101110010
1110001000
1010110001
1111101100
0101101111
1110101010
0001110100
0101001110
0100011001
0100011101
1100000010
0001111001
0100000111
0010000101
1010001110
1110100110
0011110010
0111000100
1100110100
1011111001
0111100110
1101111110
0100000111
1001101000
1000010100
1001000100
0101011111
0000000010
1101000000
0111001011
0101000000
1001101101
1011010011
0010101000
0011011001
1010011111
1011100100
0101001011
0001100100
1110010010
1111000011
1100000101
0001011000
0101110100
1001100001
1111100101
1110000010
0110101100
1111011010
1000010100
1100011001
1001101110
0110010001
0100100001
1010110001
1110100010
1101101011
0100011111
1101111110
1101000111
1001000001
0000010110
1100110111
0000010101
1000001010
1011101010
0101000101
0011100000
1100101111
1110111101
0100110010
0101010110
0101101000
0101111111
0110001101
0110111111
0000000111
0000100001
0011011101
1111100011
0010110100
1010110111
0110011001
1111001111
1011011100
0011000000
1101111100
0010011010
9
010001000
001010001
101010010
000101111
001000010
001110000
010111101
011101010
000011110
000001111
011011000
101010000
001010100
001100011
011010011
100101010
001011101
001111011
111000101
011010110
010110010
011000101
100011100
101000001
100110001
110011100
010100110
110110100
100001010
100000101
001000011
001001111
111011011
011100011
010101011
100100001
101010000
100101011
110000100
011011111
100101011
111100101
011110010
010000001
011000001
101111111
001001011
101000001
000001100
001011011
101101000
110100100
011000110
011010111
111010010
010101100
000010101
101101100
000100011
010110100
101100011
110010100
000000001
000000111
111001001
111110000
101011001
110000101
101110001
100011000
111100101
100000111
011101101
110101110
110111011
101000000
110010101
011100110
110010101
111011011
010111010
10
0101010011
0110011110
0000010001
0100101011
1100010100
1000100011
0010110000
1011110001
1000010100
0100110000
1010011111
1110010111
0111111010
0011001111
1111100100
0010010110
0001111011
1000001110
1110101000
0100000010
1001011100
0010010000
0000110001
1111011100
0011100000
1100001010
0100111101
1000000011
0111001010
0101001101
1100111111
0100100110
1100011001
0111110001
0011010111
0011110101
1010000100
1111000111
1011000101
0011000001
1010010010
0111011001
0000111111
0111011100
1110000110
0010110000
1111100011
1101000101
1101100011
1110111100
0011111011
1010010010
0110111101
1101001010
1101111110
0101101110
1101111101
1111111010
1001001111
1111101110
1011110111
0101000000
0100110010
0011110000
0100011010
0001101010
1011100110
0100101001
1110010111
0100010111
0001010000
0100101010
1111010101
0011011001
1010110010
1101111000
1010000010
1001011110
1110001000
0100011101
0101101111
0101101011
0100110000
1110101110
1001101011
1110000110
1100101001
0001001010
0010011111
1110010000
1010101001
1101011101
1001100110
0001001011
1110011000
1001011000
1010111011
0100101011
0110110101
1001100100
2
01
11
01
00
10
0010111100
1001110100
0110110101
0011110111
0100000011
0010010110
1110001111
0010110111
1011010110
1011001001
1010101011
0011010110
1000000100
1100111101
1111110100
0011010101
0110011010
0111001100
1010011010
0011101100
0110110001
1110111111
0011100010
0001011001
1011111110
0101010101
1111100011
1001010101
1101100011
1010101110
1011001010
0100111001
0101110000
1000110011
1110001111
0000100111
0111010111
0111110101
1011001110
1011100111
1110101110
1010001011
0100110011
1110110101
1101011001
1101110000
1000111000
0001000110
1100110010
0101110100
1000010100
1100100100
0011111101
0101001110
1100101110
0111001100
0110111101
1001100110
0000111001
0010010111
1011100011
1001110110
0011011010
1110101101
1001011110
1011111010
0100000001
1101010000
1010100100
0111111001
1011111000
0101001101
0100111011
0001001011
0010011001
1010000010
0000101001
1110110110
0010111111
1000010001
0001100100
1010111011
1100110010
0010111101
0110110011
0110100010
1000000111
0001011000
0110111001
0110110101
0100101110
1101001110
1100011000
1010000111
0000001001
0100001100
1110011111
0110111111
1100000000
1100000010
3
010
110
011
011
010
101
101
110
000
9
000100010
110010110
111010111
100111100
010111101
010000011
111010110
001011110
111011001
000011101
010101101
001000001
000010010
111110001
101001100
001110011
110010001
001101111
000001101
001011000
001110011
100010100
101110110
011100100
100111111
111011000
100111011
110000001
000110111
110110001
001010010
101000110
101000101
100011101
011111101
000001010
000010011
110111110
110011000
110101110
001011000
111111110
111010100
110101100
101001101
101110010
100011100
000101000
010110000
011110111
010101110
111000101
100011011
001101000
000100100
101101010
001110010
111111010
100101011
111010101
000011010
000011100
110100101
100000101
000110011
011111100
101101111
110011000
010010010
101000001
111001110
011101110
010010001
101110000
001010100
010000110
011001001
001100101
000101111
001001101
101110010
9
011011000
000011100
100000101
011101011
110010110
000011000
110011011
111100001
011111010
110000100
110111000
101000001
000001110
111000100
100000111
001111101
010110111
101111001
001101001
100001111
110001011
101111001
111100001
010101110
101000100
011000011
010110100
000111101
001101110
000001110
001100111
011111001
111101110
101101001
101100001
100001010
100000000
100001111
111000000
111111101
100101011
111110110
000000111
110000110
010111100
110111101
000000000
011000100
101010001
100100101
110000011
010000010
101000000
000110011
110010011
101110100
100000110
100011111
000110101
100101101
110110100
100101100
001000011
110010110
111110110
010000110
110101100
111001110
101111001
010111100
110111111
000010011
111100110
010010011
010011111
111010000
100001010
101100011
111110010
011110110
001001010
3
011
001
001
001
001
110
011
010
000
4
0001
0001
0110
1110
1001
0110
0110
1000
0011
1010
1100
1111
1001
1110
0000
0000
2
01
11
10
00
7
0111001
1000010
0000110
0110100
1101000
0100011
0000110
1010011
0111010
0101001
1101000
0001100
0101000
0110010
0111011
1111111
0110110
0101100
0001111
1011000
1110010
1000011
0110110
1011010
0101100
1101101
0000100
1110101
0100111
1101101
0100111
1000101
0000110
1110110
0100101
0101010
1000000
1010101
0010010
1011110
1000100
1101010
0111110
0001010
0100100
1010010
1101111
1110011
0000010
7
0010110
1100010
0001011
0101111
0110111
0001101
1011000
0100000
1101111
1010111
1100011
1111101
0101111
1110100
0100110
1011010
1111101
1011111
0000001
0010100
0101100
0111111
0100110
0010000
0001100
1100110
0100110
1000001
1001101
1111001
0000001
0010101
1110001
1001110
0101110
0100010
1010001
1001101
0111011
0001101
0010001
0000001
1110101
1101110
1011101
0100100
0111111
1101111
0111000
2
01
10
01
00
6
011001
100000
001011
000100
110101
101000
111100
000111
101001
001100
011110
010111
001011
111000
111001
001111
100011
001101
000110
010100
010110
111110
111000
011100
011001
101001
010000
101111
010010
011100
001111
100110
111001
001000
010000
111110
